10
20
30
40
50
60
70
80
130
220
240
300
320
360
400
440
500
550
570
620
630
730
1002
1200
1250
1300
1313
1500
1510
1520
1530
1600
1610
1620
1630
1640
1670
1690
1700
1900
1930
2100
2200
2210
2270
2280
2310
2320
2400
2420
2450
2500
2520
2540
2590
2600
2610
2620
2630
2640
2700
2710
2720
2800
2810
2820
2840
2850
2870
2900
2910
2920
2990
3010
3020
3050
3130
3170
3230
3260
3270
3300
3310
3320
3330
3340
3350
3360
3380
3390
3400
3410
3420
3430
3450
3460
3480
3483
3490
3500
3510
3520
3530
3540
3560
3570
3580
3590
3600
3610
3620
3700
3710
3720
3730
3800
3810
3820
3830
3900
3910
3920
3960
3980
3990
4000
4100
4230
4290
4300
4420
4460
4470
4520
4530
4560
4570
4700
4770
4780
4800
4850
4870
4880
4890
4900
4920
6000
6010
6020
6030
6040
6060
6080
6120
6200
6210
6220
6250
6270
6300
6310
6370
6400
6420
6510
6600
6800
6810
6830
6840
6850
6860
6870
6880
6900
6910
6920
6980
7000
7010
7020
7110
7200
7210
7220
7260
7340
7510
7520
7530
7600
7610
7620
7650
7660
7670
7730
7760
7770
7800
7830
7840
7860
7940
8000
8040
8060
8080
8100
8140
8170
8190
8330
8400
8500
8600
8780
8790
8800
8850
8870
8880
8890
8930
8970
9010
9060
9180
9200
9340
9350
9420
9460
9480
9500
9710
9730
9760
9800
9850
9880
9900
9940
9960
9970
9980
10090
10100
10110
10120
10130
10140
10150
10180
10220
10230
10240
10250
10260
10270
10460
10500
10520
10680
11020
11040
11050
11130
11140
11150
11180
11190
11200
11230
11240
11250
11260
11280
11340
11370
11390
11450
11480
11550
11610
12130
12140
12150
12200
12210
12220
12310
12320
12330
12360
12364
12390
12420
12430
12440
12450
12460
12470
12480
12500
12510
12520
12530
12540
12560
12570
12580
12590
12600
12640
12650
12660
12670
12690
12710
12810
12900
13000
13500
13520
13530
13540
13560
13570
13580
13600
13620
13630
15000
15080
15100
15120
15160
15170
15190
15200
15210
15240
15300
15320
15350
15370
15380
15390
15400
15500
15520
15560
15620
15700
15710
15740
15750
15800
15900
15910
15920
15930
15960
15970
16000
16020
16030
16040
16060
16100
16110
16120
16130
16180
16200
16300
16450
16500
16600
16620
16710
16720
16730
16810
16900
17100
17120
17140
17180
17330
17390
17410
17440
17460
17470
17480
17500
17570
17580
17710
17740
18000
18020
18040
18050
18070
18120
18300
18400
18420
18430
18470
18480
18500
18600
18700
18820
19000
19020
19030
19080
19200
19320
19500
19680
19800
19810
19830
19900
19980
20200
20500
20530
20540
20550
20700
20710
20820
20900
20920
21000
21010
21030
21090
21100
21130
21300
21500
21660
21670
21680
21690
21780
21800
21980
22000
22100
22120
22130
22140
22180
22200
22230
22300
22310
22320
22330
22340
22350
22370
22380
22450
22490
22500
22600
22610
22650
22670
23150
23300
23380
23400
23420
23450
23455
23460
23490
23500
23530
23600
23700
24010
24200
24240
24400
24410
24420
24460
24480
24720
24780
24790
24800
24810
24880
25000
25010
25500
25600
25620
25700
25800
25808
25830
25850
25890
25900
25910
25930
25980
25990
26000
26300
26500
26800
26900
27000
27020
27050
27200
27400
27800
27810
27900
27920
27940
28000
29120
29130
29160
29180
29720
29800
29900
31100
31170
31270
31300
31700
31800
31810
31820
31830
31840
31850
31860
31870
31880
31890
31900
31910
31920
31930
32000
32110
32120
32140
32150
32160
32200
32310
32330
32340
32350
32360
32370
32380
32390
32430
32440
32450
32460
32470
32500
32510
32610
32620
32630
32640
32650
32660
32680
32710
32720
32730
32740
32750
32760
32770
32900
33100
33110
33120
33130
33180
33220
33230
33320
33390
33460
33520
33540
33550
33570
33580
33600
33610
33620
33650
33660
33670
33680
33700
33710
33720
33730
33750
33760
33770
33790
33900
33930
33950
33980
33990
34010
34030
34190
34410
34420
34500
34600
34630
34640
34800
34810
34820
34830
34870
34900
34920
35000
35030
35070
35130
35140
35300
35310
35320
35450
35460
35480
35600
35700
35720
35800
36000
36130
36150
36900
36910
37000
37210
37220
37230
37240
37260
37280
37290
37300
37310
37320
37330
37340
37360
37370
37380
37390
37400
37500
37600
37800
37960
38000
38070
38080
38090
38100
38110
38120
38130
38140
38150
38160
38170
38180
38190
38210
38230
38400
38410
38420
38430
38440
38450
38460
38480
38490
38600
38700
38720
38740
39000
39110
39120
39150
39160
39190
39200
39210
39391
39392
39500
39510
39520
39530
39540
39550
39560
39630
39640
39650
39660
39670
39680
39690
39800
39900
40100
40200
40210
40300
40320
40330
40340
40350
40380
40390
40400
40420
40500
40700
40720
40800
40930
40950
40960
40970
40980
40990
41000
41014
41050
41060
41070
41100
41300
41400
41500
41600
41660
41680
41730
41740
41800
41900
42000
42120
42140
42147
42170
42200
42210
42220
42230
42500
42670
42700
42810
42850
42890
42900
42910
42920
42930
42940
42950
42960
42980
42990
43000
43100
43190
43500
43600
44100
44600
44680
44690
45100
45200
45300
45400
45410
45420
45450
45720
45740
45750
45760
45770
46000
46200
46250
46260
46270
46280
46290
46340
46350
46360
46370
46380
46400
46410
46440
46450
46460
46480
46490
46500
46510
46520
46540
46550
46560
46570
46600
46700
46710
46720
46730
46740
46750
46760
46770
46790
46830
46840
46850
47110
47120
47130
47400
47410
47700
47780
47790
47810
47890
47920
48000
48110
48150
48190
48220
48240
48700
48720
48800
48900
48950
49000
49300
49320
49330
49520
49540
49600
49800
49810
49900
50000
50130
50510
50620
50910
50920
50930
50940
50960
50970
50980
50990
51000
51010
51020
51030
51060
55000
55020
55040
55100
55110
55140
55150
55230
57000
57200
57300
57620
57650
57680
57690
57700
57740
57800
57900
58200
58230
58400
58520
58550
58560
58570
58610
60340
60350
60600
60700
60800
61100
61310
61500
61510
61520
61600
61730
62000
62100
63000
63110
63200
63380
63500
63610
63620
63630
63640
63650
63660
63700
63710
63800
63900
63910
63940
63950
63960
63970
64000
65070
65080
65200
65300
65400
65500
65530
65540
65560
65600
65610
65730
65740
65780
65790
65800
65930
65980
67000
67370
70000
70100
70110
70120
70300
70400
70420
70500
70600
70620
70640
70650
70660
70900
71000
71250
71340
72000
72400
72900
73010
73020
73170
73190
73210
78000
80000
80200
80300
80310
80330
80340
80350
80360
90200
90400
91100
91200
91330
91600
91700
91800
91810
91900
92000
92100
92300
92400
92600
92700
92800
92900
93200
94000
94200
94300
94400
94590
94600
94610
94620
95300
95400
95700
95900
96000
96100
96200
96800
96900
97000
97110
97120
97130
98100
98200
98300
98400
98500
98600
98800
98900
99100
99120
99300
99400
99410
99700
99900
99910
102200
102400
102500
102600
102810
102840
102850
104000
104020
104100
104200
104600
104900
105000
105100
105300
105420
105600
105700
105800
106000
107100
107200
107300
107310
107410
107600
108110
108500
108600
108700
108710
108800
109200
109500
109600
109700
110400
110500
110600
110610
110630
110800
111000
111010
111100
111300
111400
111600
111800
112100
113020
113200
113400
113420
115100
115110
115120
115200
115210
115220
115300
115320
115800
116100
116120
200010
200020
200080
200130
200150
200170
200190
200210
200230
200260
200370
200390
200410
200490
200510
200550
200670
200710
200900
200910
200960
200980
200990
201000
201010
201070
201210
201230
201270
201271
201290
201330
201420
201480
201490
201510
201570
201790
201810
201870
202130
202170
202200
202310
202370
202410
202530
202570
202670
202690
202710
202730
202750
202860
202970
203140
203160
203210
203290
203350
203510
203560
203630
203650
203750
203770
203830
203990
204030
204060
204100
204120
204180
204220
204240
204300
204340
204360
204390
204440
204450
204530
204560
204580
204630
204860
204880
204940
205020
205060
205070
205080
205100
205230
205530
205550
205610
205650
205690
205710
205730
205810
205830
205840
205870
205910
205990
206020
206040
206060
206190
206230
206250
206370
206410
206420
206440
206480
206500
206610
206690
206760
207000
207020
207040
207080
207140
207170
207190
207230
207250
207320
207350
207420
207430
207490
207530
207570
207610
207650
207670
207690
207710
207730
207750
207790
207930
208110
208140
208200
208400
208460
208520
208580
208600
208620
208630
208640
208650
208670
208710
208730
208750
209000
209060
209080
209120
209160
209190
209230
209330
209360
209370
209540
209610
209630
209650
209670
209690
209730
209750
209790
209830
209850
209950
210170
210230
210770
210950
210970
211010
211050
211070
211160
211180
211260
211280
211340
211360
211400
211440
211500
211580
211600
211740
211780
211800
211820
211900
211970
212010
212030
212050
212070
212110
212160
212200
212410
212480
212500
212630
212680
212700
212780
212800
213030
213330
213350
213390
213610
213650
213670
214100
214150
214170
214340
214360
214420
214490
214510
214550
214560
214570
214590
214700
214730
214770
214790
214830
214870
214910
214950
214970
215080
215100
215160
215280
215390
215450
215470
215510
215530
215550
215630
215670
215690
215710
215770
215790
215830
215870
215930
216090
216130
216150
216210
216260
216290
216330
216670
216890
216910
216930
217100
217120
217140
217200
217270
217290
217690
217750
217790
217920
217980
218020
218040
218060
218090
218230
218410
218510
218620
218640
218660
218680
218700
218740
218820
219070
219150
219190
219200
219640
219680
219700
219740
219760
219780
219830
219890
219910
219990
220090
220160
220200
220240
220260
220420
220440
220460
220660
220740
220780
220820
220860
220900
221020
221040
221100
221180
221260
221380
221540
221640
221680
221810
221830
221910
222140
222160
222180
222420
222440
222480
222500
222520
222606
222615
222618
222640
222660
222730
222750
222880
222980
223000
223100
223220
223330
223410
223430
223450
223470
223490
223510
223630
223710
223730
223750
223810
223830
224000
224040
224260
224300
224460
224480
224500
224760
224820
224860
224880
224900
224940
224960
224980
225000
225020
225080
225160
225260
225280
225300
225320
225360
225420
225540
225600
225640
225840
226100
226120
226280
226560
226620
226700
226720
226740
226780
226820
226840
226860
226960
227000
227020
227060
227080
227100
227160
227180
227200
227220
227300
227380
227560
227580
227600
227760
227780
227860
228200
228260
228280
228300
228320
228360
228380
228440
228760
228960
229480
229520
229560
229580
229600
229810
229870
229890
229970
230050
230070
230150
230190
230210
230230
230270
230290
230330
230350
230410
230650
230700
230760
230820
230840
230860
230980
231020
231040
231060
231140
231160
231200
231310
231330
231390
231430
231720
231740
232010
232050
232090
232430
232750
232770
232790
232890
232910
232950
232970
233110
233130
233150
233190
233210
233230
233270
233290
233310
233350
233370
233410
233450
233470
233510
233530
233550
233610
233700
233720
233740
233800
233840
233860
233980
234080
234140
234160
234190
234270
234290
234330
234350
234370
234390
234490
234510
234650
234670
234900
234920
234940
235070
235210
235250
235320
235360
235380
235460
235520
235540
235600
235620
235660
235700
235720
235800
235820
235980
236010
236090
236110
236130
236150
236290
236370
236390
236430
236450
236490
236510
236690
236730
236790
236850
236930
236970
237310
237350
237430
237470
237550
237570
237630
237740
237760
237850
237870
237890
237930
237950
237970
237990
238010
238050
238070
238090
238240
238260
238280
238320
238370
238430
238460
238530
238630
238750
238870
238890
238910
238930
238960
239030
239070
239090
239120
239140
239160
239200
239250
239350
239430
239700
239800
239820
239840
240320
240340
240360
240440
240600
240620
240660
240720
240760
240970
241000
241240
241260
241300
241320
241410
241540
241600
241620
241720
241760
241910
241930
242050
242110
242130
242530
242550
242570
242640
242680
242700
242720
242760
242780
242820
242840
242860
242880
242920
242940
242960
242980
243000
243020
243040
243060
243160
243200
243220
243240
243280
243360
243450
243470
243780
243800
243930
243950
243970
244030
244050
244070
244090
244160
244210
244410
244430
244450
244590
244690
244710
244730
244750
244770
244810
244850
244870
244890
244910
244950
245010
245050
245150
245170
245280
245300
245370
245390
245410
245430
245450
245470
245490
245620
245730
246070
246090
246110
246300
246360
246420
246580
246620
246680
246720
246740
246760
246800
246820
246840
246880
246900
246920
246940
246960
246980
247000
247020
247080
247140
247240
247310
247350
247370
247430
247660
247710
247870
247910
247930
247950
247970
248190
248290
248310
248330
248350
248370
248390
248450
248470
248490
248510
248530
248550
248570
248610
248650
248710
248730
248800
248820
248860
248970
249050
249130
249190
249230
249330
249360
249550
249570
249590
249610
249630
249650
249680
249870
249930
249950
249990
250030
250050
250070
250110
250180
250260
250320
250340
250380
250400
250420
250440
250460
250500
250520
250540
250560
250580
250600
250620
250680
250700
250720
250760
250820
250900
251020
251060
251110
251130
251150
251210
251230
251270
251290
251310
251370
251410
251430
251450
251470
251490
251510
251530
251570
251590
251630
251650
251670
251690
251710
251730
251830
251850
251870
251910
251950
251990
252010
252030
252050
252070
252090
252110
252130
252170
252190
252230
252250
252270
252310
252330
252350
252370
252390
252410
252430
252450
252470
252490
252530
252550
252570
252610
252630
252670
252710
252730
252750
252830
252870
252890
252910
252970
253030
253110
253150
253230
253250
253290
253310
253330
253350
253390
253410
253430
253510
253570
253610
253630
253650
253690
253710
253750
253770
253790
253840
253860
253880
253900
253920
253940
253960
253980
254060
254080
254100
254200
254320
254370
254440
254460
254480
254590
254700
254820
254840
254860
254880
254900
254920
254940
254960
255070
255163
255260
255280
255300
255320
255340
255370
255390
255520
255710
255870
255940
255960
256010
256030
256070
256190
256290
256330
256370
256390
256460
256576
256611
257030
257050
257120
257170
257220
257260
257350
257420
257510
257670
257690
257710
257730
257750
257770
257790
257830
257850
257870
257970
257990
258010
258050
258070
258090
258180
258220
258520
258643
258760
258880
258890
258950
258970
259000
259060
259080
259130
259170
259190
259320
259340
259390
259410
259450
259470
259510
259530
259550
259600
259620
259640
259660
259680
259700
259720
259760
259780
259810
259830
259870
259890
259940
259960
259980
260000
260020
260040
260060
260080
260130
260160
260190
260210
260230
260250
260309
260330
260380
260410
260430
260510
260530
260550
260570
260650
260690
260710
260730
260750
260790
260930
261030
261110
261180
261430
261470
261510
261530
261550
261570
261640
261680
261700
261720
261740
261760
261900
261940
261960
262000
262060
262080
262100
262120
262150
262190
262210
262240
262260
262280
262300
262370
262390
262410
262450
262470
262510
262550
262590
262630
262690
262750
262770
262790
262810
262830
262850
262870
262900
262920
262940
262960
262980
263020
263040
263060
263100
263120
263140
263180
263200
263300
263320
263340
263360
263380
263400
263420
263460
263480
263520
263540
263560
263620
263640
263680
263700
263720
263740
263760
263800
263820
263860
263880
263920
263940
263960
263980
264000
264060
264080
264140
264160
264200
264220
264280
264300
264320
264340
264380
264400
264440
264460
264520
264540
264560
264580
264690
264710
264730
265000
265120
265170
265210
265240
265300
265330
265380
265470
265550
265590
265610
265630
265690
265730
265750
265790
265810
265830
265870
265890
265930
265950
265970
265990
266010
266030
266050
266090
266110
266130
266170
266190
266210
266230
266250
266270
266290
266330
266370
266390
266410
266430
266490
266510
266840
266980
267060
267220
267340
267360
267390
267490
267530
267610
267670
267730
267900
267920
267940
267960
267980
268050
268130
268200
268220
268240
268320
268340
268400
268500
268520
268540
268650
268670
268750
268770
268870
268890
268910
268970
268990
269010
269030
269050
269110
269150
269170
269190
269210
269230
269250
269270
269310
269330
269350
269370
269430
269490
269590
269610
269630
269650
269670
269690
269710
269770
269790
269850
269890
269950
269990
270010
270050
270070
270090
270110
270130
270150
270170
270190
270210
270230
270270
270310
270330
270430
270450
270490
270510
270550
270570
270590
270610
270630
270750
270760
270770
270790
270810
270830
270850
270880
270910
271240
271260
271360
271370
271500
271550
271570
271640
271670
271760
271820
271860
271900
271920
271970
271990
272010
272040
272060
272230
272270
272330
272470
272510
272600
272620
272890
272920
272990
273030
273070
273110
273500
273570
273580
273590
273600
273620
273730
273740
273750
273760
273770
273790
273800
273820
273830
273840
273850
273860
273890
273940
273960
274010
274170
274190
274230
274250
274270
274290
274310
274350
274480
274500
274520
274560
274580
274700
274880
274900
274940
274960
274980
275060
275080
275100
275180
275200
275270
275290
275310
275330
275350
275390
275470
275490
275510
275530
275570
275670
275810
275830
275850
276220
276240
276300
276340
276360
276380
276430
276440
276460
276730
276750
276810
276870
276890
277110
277270
277390
277430
277450
277460
277470
277490
277500
277510
277520
277540
277560
277590
277630
277650
277680
277700
277751
277850
277870
277890
277910
278080
278100
278360
278420
278440
278460
278490
278510
278530
278570
278590
278620
278640
278810
278850
278890
278930
278970
279070
279140
279160
279260
279420
279440
279460
279480
279500
279520
279540
279560
279580
279640
279720
279800
279900
279920
279940
279990
280010
280040
280140
280160
280180
280220
280320
280360
280380
280500
280520
280540
280560
280600
280620
280640
280720
280790
280830
280850
280890
280930
281060
281080
281200
281220
281240
281260
281280
281350
281370
281390
281410
281430
281450
281520
281560
281580
281610
281640
281750
281820
281840
281860
281920
281940
281990
282010
282030
282050
282070
282100
282140
282210
282370
282400
282440
282530
282560
282590
282620
282640
282680
282760
282780
282800
282860
282880
282900
283000
283020
283040
283060
283080
283160
283180
283230
283270
283290
283310
283330
283350
283370
283390
283410
283430
283470
283490
283560
283580
283600
283640
283660
283680
283720
283820
283840
283880
283920
283940
283960
283980
284000
284020
284050
284080
284100
284140
284160
284180
284200
284220
284240
284260
284390
284410
284460
284710
284730
284750
284770
284830
284850
284870
284890
284910
284930
284950
284970
284990
285010
285070
285090
285110
285130
285160
285190
285310
285330
285350
285380
285420
285480
285500
285520
285670
285740
285800
285820
285840
285900
285920
285980
286000
286040
286100
286120
286140
286160
286200
286220
286240
286260
286280
286300
286320
286360
286380
286460
286480
286520
286540
286660
286690
286730
286750
286770
286790
286810
286830
286930
287020
287070
287100
287120
287200
287220
287290
287310
287370
287371
287390
287450
287580
287600
287630
287700
287720
287740
287780
287840
287900
287920
287960
287980
288000
288020
288040
288060
288080
288100
288120
288140
288160
288220
288260
288370
288390
288470
288500
288570
288610
288630
288650
288670
288690
288710
288730
288750
288790
288830
288840
288860
288880
288930
288970
289050
289060
289070
289090
289130
289180
289200
289220
289240
289260
289280
289300
289320
289340
289360
289380
289400
289420
289440
289460
289480
289500
289520
289580
289600
289620
289650
289690
